1.9679615853898388E-5
1.9638563227436858E-5
1.994152910845432E-5
2.005880093036955E-5
2.0020397104495996E-5
1.970719253630332E-5
1.9726855372520587E-5
2.021026706579653E-5
2.006236549260908E-5
2.1222184706983647E-5
2.0244882959841196E-5
1.976725935033271E-5
1.952152382483129E-5
1.9560618445808683E-5
1.9898109917335215E-5
1.9998298284743487E-5
2.006914388503784E-5
2.0103691474935426E-5
2.041845130369823E-5
2.0335268104627045E-5
2.0500354489427013E-5
2.142529579483719E-5
2.1888897858348194E-5
2.1923977091323348E-5
2.1604400655066648E-5
2.178267210887721E-5
2.184725259265534E-5
2.1487629228708972E-5
2.1421282575007447E-5
2.120955200103735E-5
2.0978163476063796E-5
2.0853063445086612E-5
2.0443525110962112E-5
2.0935348957240893E-5
2.0949062876931857E-5
2.1145826334909544E-5
2.151182417149444E-5
2.10945769925151E-5
2.0527933731107954E-5
2.0903968183336125E-5
2.0962590065030484E-5
2.0435053424168067E-5
2.0154143618617684E-5
1.9137865540393233E-5
1.927697940243553E-5
1.8738614959320407E-5
1.886555269046258E-5
1.8566145493802446E-5
1.8442540223002E-5
1.902781998546974E-5
1.8900471646045013E-5
1.865134914915328E-5
1.8719004186725014E-5
1.8881679650883768E-5
1.9260190759264798E-5
1.893584465995366E-5
1.850770180055956E-5
1.8752792790037783E-5
1.870875742932193E-5
1.8857757087144325E-5
1.863151034678466E-5
1.8654780876064207E-5
1.9244131128815303E-5
2.0023239638873342E-5
2.098532471786993E-5
2.0809867164190596E-5
2.107374815422232E-5
2.120459475716076E-5
2.12761130486129E-5
2.0771330661726995E-5
2.0986366573167493E-5
2.0851322731016903E-5
2.108176216622656E-5
2.1709560984628246E-5
2.1966963872330613E-5
2.125453674797725E-5
2.111666553598153E-5
2.0511634198203177E-5
2.046382933661607E-5
1.995081939128871E-5
1.9747021974625098E-5
1.9863407693408773E-5
1.998197903505267E-5
2.0243898303803338E-5
2.066376389315907E-5
2.072804803443414E-5
2.031173588014905E-5
2.0646994302133824E-5
1.9898287093604676E-5
2.038434668702671E-5
2.027680463457576E-5
2.0206365303757817E-5
1.9928673854598236E-5
2.0059929086942057E-5
2.0036933668688122E-5
2.003148277858627E-5
1.9844283000240983E-5
1.9661087620021356E-5
1.9538318871994424E-5
1.93335841424954E-5
1.9319294600716464E-5
1.932419886450062E-5
1.923558599627963E-5
1.9516609145423336E-5
1.9829972507947252E-5
1.960247278734679E-5
1.9470410634196366E-5
1.9421111278506926E-5
1.9251623440879314E-5
1.9474442871390748E-5
1.9515736426175827E-5
1.9581056218246788E-5
1.9394134831881616E-5
1.9458029977209204E-5
1.9969051515880772E-5
2.028891826083778E-5
2.0151551869101392E-5
2.0498024650879797E-5
2.0330646731399767E-5
2.0473433353777506E-5
2.0051938192644485E-5
1.971024233465666E-5
1.9444663970503628E-5
2.0539438860684343E-5
1.978606897738994E-5
1.928067215381843E-5
1.9105097095746947E-5
1.945509946734916E-5
2.0005010682094805E-5
2.0147413022595615E-5
2.0500308909882957E-5
2.0615336152214132E-5
2.1075864240530232E-5
2.1237903324723874E-5
2.1397721319252922E-5
2.0884980597040354E-5
2.001338551693972E-5
1.9546977598955037E-5
1.9252375648064648E-5
1.9235053554409867E-5
1.902640880457195E-5
1.944656345915724E-5
2.0387491031154922E-5
2.0783462969650536E-5
2.0898423521914132E-5
2.0914515483368915E-5
2.0698835989809405E-5
2.095741900195782E-5
2.0770542678029236E-5
2.034789135065841E-5
2.022924300596727E-5
2.177555773845666E-5
2.1294669154017048E-5
2.1357505880183788E-5
2.1161380761089815E-5
2.120945206141361E-5
2.1318376333033033E-5
2.1219778737062988E-5
2.1268171631354413E-5
2.0710062386801268E-5
2.062405187813538E-5
2.0538800085673585E-5
2.0329933850122334E-5
2.0278844612406122E-5
2.041829396387454E-5
2.0752630067368685E-5
2.0633981710344283E-5
2.0548583913712345E-5
2.0527342246973104E-5
1.9936670021775977E-5
1.975438157136697E-5
1.95654847154628E-5
1.9614252723526712E-5
2.00395130207533E-5
2.025364518947765E-5
2.045431079515524E-5
2.0123924072558917E-5
2.005234032182696E-5
1.9935972320321027E-5
2.0067051493647494E-5
1.9871252478242882E-5
1.9985540061734126E-5
1.9938764289278527E-5
1.9628735257138972E-5
1.9633694577824306E-5
1.9577287525687188E-5
1.9544756282980104E-5
1.980973077708237E-5
1.9768896290403883E-5
2.004739982094453E-5
2.0004208013271183E-5
2.0375743320978073E-5
2.0237154793142015E-5
2.0263738887071423E-5
2.0574087090835066E-5
2.068136886855617E-5
2.1118065680594637E-5
2.1428416380528708E-5
2.1538314590470237E-5
2.151101570299809E-5
2.1663614949259987E-5
2.1451626593373533E-5
2.1682839815128847E-5
2.159470742048769E-5
2.2071723871478983E-5
2.2239936023348594E-5
2.146541539577317E-5
2.16956251811951E-5
2.1427653220217758E-5
2.1359129512545402E-5
2.178753451839058E-5
2.1395332446102074E-5
2.1381839877808428E-5
2.1142586876847885E-5
2.1193378528207838E-5
2.135826127642969E-5
2.1353911850966842E-5
2.082061596781417E-5
2.0369527380929886E-5
2.0144857038651645E-5
2.0195867003921502E-5
2.0239555702573984E-5
2.0101136922153265E-5
1.9311952587608896E-5
1.887423586828527E-5
1.9020114367551444E-5
1.879961805702991E-5
1.8858663044758E-5
1.9067273983755374E-5
1.883348594076538E-5
1.9302249061301272E-5
1.8973263502008864E-5
1.8958282799209482E-5
1.884706950141596E-5
1.897460747599783E-5
1.8843315445290615E-5
1.9090618085360727E-5
1.9250617345145738E-5
1.9452138279320648E-5
1.9507899488443877E-5
2.1038636768516683E-5
2.1391615390798777E-5
2.1758262332036814E-5
2.2361132997259844E-5
2.256843160513502E-5
2.223203650811679E-5
2.1527606457787234E-5
2.194291353377303E-5
2.1783674262271624E-5
2.2186294746289134E-5
2.1920869017842065E-5
2.1654461235946337E-5
2.1837607472782978E-5
2.204579523989052E-5
2.183728167930191E-5
2.162513608959556E-5
2.1127501324811585E-5
2.093553626367403E-5
2.1053151849232027E-5
2.0748914764330933E-5
2.0906087354884962E-5
2.0463657761858507E-5
2.00638606704565E-5
1.961188877403025E-5
1.92931500141448E-5
1.9309731956497736E-5
1.962566757813867E-5
1.989431594980393E-5
2.0318392167887307E-5
2.0196431823162654E-5
1.9969028707008167E-5
1.9870150988493113E-5
1.9769619372300328E-5
1.9704335424280832E-5
1.973015746773558E-5
1.9947868026991405E-5
1.9973492733916548E-5
1.9932513232815345E-5
1.9854937892233485E-5
1.9946104938851186E-5
2.003326888741526E-5
2.026872467439117E-5
1.986428430704131E-5
1.9436681076559945E-5
1.9385297243693345E-5
1.883308095596082E-5
1.9273169646843445E-5
1.9573731415420316E-5
1.9831086777469423E-5
1.9569740264252744E-5
1.9093121515239696E-5
1.893234303511585E-5
1.9094075240109794E-5
1.9098544939018256E-5
1.8927372766814453E-5
1.912803026480762E-5
1.914573895258192E-5
1.910235151246766E-5
1.9631505863954365E-5
2.0212084062695277E-5
2.02343648119379E-5
1.97983461451076E-5
2.0421804377684648E-5
2.093604718787123E-5
2.1714658672607605E-5
2.1988704875594118E-5
2.1525267055317786E-5
2.108993837742324E-5
2.0278161881672548E-5
2.091057661049175E-5
2.0375673253904643E-5
1.974206775114891E-5
1.932433701490412E-5
1.9666474763623154E-5
1.9111105909473754E-5
1.891212026747131E-5
1.9247730028476798E-5
1.957243278084546E-5
1.9760114712465818E-5
1.9891865565389708E-5
1.9078144018468618E-5
1.8727300719856784E-5
1.9518035074927112E-5
2.0147963439709206E-5
2.0232282111357646E-5
2.008569332434815E-5
1.9846644459873297E-5
1.9925636234113326E-5
2.0256220188867025E-5
2.005122049537278E-5
1.981682261325313E-5
1.9544224706514797E-5
1.962512752117825E-5
1.9374014063952376E-5
1.971255056372442E-5
2.0301626840176107E-5
2.0364727718565556E-5
2.0137398542534712E-5
2.017092514053099E-5
2.0625236207652033E-5
2.0070568586501282E-5
1.9563048745828827E-5
1.964601555659614E-5
1.9185018453137994E-5
1.9260670611195723E-5
1.9597311918608258E-5
2.0095785163047304E-5
2.0038091465687072E-5
2.0086263439260854E-5
2.0236776249907957E-5
1.996512853143334E-5
1.9064673991837082E-5
1.9417951669274893E-5
2.044128442728318E-5
1.9935054242560738E-5
2.0134611417489755E-5
1.986527999862262E-5
1.975203663376632E-5
1.948138197246015E-5
1.9186262208139213E-5
1.9320053786054283E-5
1.9550424628216375E-5
1.953927490864284E-5
1.9344335137027972E-5
1.90463385150353E-5
1.8572453359104372E-5
1.8465021171341176E-5
1.8375109395530706E-5
1.8516250264466865E-5
1.8759085448925247E-5
1.87790460647095E-5
1.8999397360279814E-5
1.894348276131613E-5
1.8897107609936314E-5
1.9119167810886102E-5
1.902012418169456E-5
1.8776625652616335E-5
1.886903796001864E-5
1.8753931455285384E-5
1.8825379799899342E-5
1.8765344218475295E-5
1.8889702326011182E-5
1.8884104229646572E-5
1.924758656323979E-5
1.9668503310783596E-5
1.9844185922762346E-5
2.0212268965864835E-5
2.0256897888125932E-5
2.0304876893736867E-5
2.028739967361122E-5
2.0291602372809984E-5
2.0465742653910954E-5
2.1301011918712316E-5
2.1587861047604448E-5
2.095563688717898E-5
2.0636777852423464E-5
2.082422770817361E-5
2.0550306039423683E-5
2.0608766325669557E-5
2.0092849529850658E-5
2.025866095659942E-5
2.0524606829208528E-5
2.0163757439915778E-5
2.0060707889636318E-5
1.9956003672237858E-5
1.964604059799788E-5
1.9429579290923136E-5
1.9331943199663007E-5
1.930869493476427E-5
1.9143352129474694E-5
1.9447462493816084E-5
1.9737305703736096E-5
1.970162490468485E-5
1.9678276325946212E-5
2.0286829177010604E-5
2.0876222812746292E-5
2.1105445834922662E-5
2.1281024170580683E-5
2.147936819284079E-5
2.1096497046856442E-5
2.0980725248556166E-5
2.0935525712655488E-5
2.0644142291687684E-5
2.096758694260082E-5
2.1825097392013642E-5
2.234145258887819E-5
2.23093289544994E-5
2.2648469313666458E-5
2.1705259578814318E-5
2.1164319884103492E-5
2.1130163615055623E-5
2.090280716317102E-5
1.99006585069267E-5
1.9403065169574588E-5
1.9424694422785177E-5
1.9314580951997465E-5
1.981416107567468E-5
2.002991161329507E-5
1.9739385935406658E-5
1.972563018493405E-5
1.9900501641987626E-5
2.0105469009421406E-5
2.0195228169327618E-5
2.0567168734720418E-5
2.0442895574436674E-5
2.002334515479823E-5
2.00182808244737E-5
1.992027458684696E-5
2.005351433392739E-5
2.0288953369562982E-5
1.9774577123561296E-5
1.9769061036595672E-5
1.9620472786218726E-5
1.946782268802195E-5
1.9416410456378103E-5
1.9516645730762163E-5
1.968664684234419E-5
1.945036846373024E-5
1.9540315844700965E-5
1.963079302238519E-5
1.9629699951240785E-5
1.9977633568567705E-5
1.9937344303873395E-5
2.0143474901591884E-5
2.0581154038224357E-5
2.0730363180734052E-5
2.0806121544335367E-5
2.104838483265758E-5
2.1284839583195723E-5
2.1452215417645155E-5
2.0813507494843975E-5
2.0647038241170122E-5
2.0512428162932778E-5
2.07374793110963E-5
2.0817921772324733E-5
2.1079984649798934E-5
2.0884619939870833E-5
2.0178898950384603E-5
2.031229514681161E-5
2.0395275321504046E-5
2.019857883309003E-5
2.03363215937864E-5
2.0201446030367875E-5
1.9634741858593384E-5
1.8906500658653575E-5
1.9983137105762383E-5
1.950944646649486E-5
1.9294822676316927E-5
1.9445933939753212E-5
1.9432657344480944E-5
1.9680803941705746E-5
1.9405626990754974E-5
1.92511316502197E-5
1.9099244408934224E-5
1.9380144510179736E-5
1.9508739151206147E-5
1.960805997559296E-5
1.999134915272307E-5
1.9825707431172193E-5
2.0088679897374178E-5
2.0324202729625222E-5
2.0348232584405727E-5
2.064933537229569E-5
2.0781311680173142E-5
2.1147136833245502E-5
2.12114878279316E-5
2.1005404859415635E-5
2.04618952328334E-5
2.0147299693203267E-5
2.2152303694862333E-5
2.3350119632040394E-5
2.3821892481964662E-5
2.3684329328349956E-5
2.3420406757451735E-5
2.2523401728444514E-5
2.1936693409348025E-5
2.1436605864094103E-5
2.121316293775095E-5
2.119822547693286E-5
2.1072782216852256E-5
2.130479568262989E-5
2.159427279396265E-5
2.182143550174522E-5
2.153839544226979E-5
2.0636577072008865E-5
2.115671211359113E-5
2.1345573164994067E-5
2.1361396986400375E-5
2.1042602999669195E-5
2.0882146283504537E-5
2.0832850299383407E-5
2.0410375390732892E-5
2.0339801113590744E-5
2.076849239670579E-5
2.0832340488918076E-5
2.0817794285170456E-5
2.0932010176656964E-5
2.0964006048693665E-5
2.108723216426205E-5
2.085100794923865E-5
2.0511792349597037E-5
2.068107165068903E-5
2.0848878409177262E-5
2.083356672198123E-5
2.1311910718717202E-5
2.1021469400258288E-5
2.081374563193478E-5
2.0596637712670577E-5
2.0925619263232514E-5
2.0899043150540593E-5
2.139585687870093E-5
2.1468168656586603E-5
2.1486274498824215E-5
2.167729501401772E-5
2.0808748932265056E-5
2.0287542261241034E-5
2.0492810113333214E-5
2.0854958094289103E-5
2.1511905941602926E-5
2.0887796434961494E-5
2.0411003805482135E-5
2.0518500049611326E-5
2.015823900249703E-5
2.0176464297828664E-5
2.0279184077491426E-5
2.038846661410543E-5
2.0836155024362042E-5
2.1165096166045618E-5
2.175703306004562E-5
2.2580168342502695E-5
2.1080103840328627E-5
2.0178768733536495E-5
1.9954411329256323E-5
2.016153504013969E-5
1.9980349606287837E-5
2.0025761912506674E-5
1.9626477348440253E-5
2.0253291767956465E-5
1.9964876751097762E-5
1.972254867686211E-5
1.9584514308036898E-5
1.9521101047918414E-5
1.9517205489760976E-5
1.9241430511787482E-5
1.9301785875555573E-5
1.937635748997604E-5
1.9598353486693964E-5
1.9043242562447643E-5
1.897762356657288E-5
1.9589083755952604E-5
1.9791478882809893E-5
2.0112990097619763E-5
2.0475828253403758E-5
2.0594563444207364E-5
2.07988670799986E-5
2.0167878450551414E-5
1.96581645728767E-5
1.9785673301129078E-5
2.0470997694718496E-5
2.055521072341465E-5
2.0480581069853973E-5
2.005468629715421E-5
2.0471924610609835E-5
2.0494826975384094E-5
2.0311982818860037E-5
1.9965918548695526E-5
1.9889226869844338E-5
1.9397828965827752E-5
2.0243241522304332E-5
1.9813976246806696E-5
1.970153178936525E-5
2.0063990463805615E-5
2.0563656981155645E-5
2.0674065073101115E-5
2.071937314092316E-5
2.0507533572450504E-5
2.0729393247124118E-5
2.0813471064951964E-5
2.0568605811063532E-5
1.9937288143861455E-5
1.967996166161651E-5
1.942508584059769E-5
2.1029675639406664E-5
2.203568748712751E-5
2.0993840529958664E-5
2.162866313183497E-5
2.0306416336851488E-5
2.0264519896182577E-5
2.011202680224444E-5
1.987168008021377E-5
1.9769801129897786E-5
1.96332622185966E-5
1.955169879786919E-5
1.9382326915712642E-5
1.9676719220723575E-5
1.9758943607753898E-5
1.9988077712795437E-5
1.990112504174657E-5
1.993523327114043E-5
2.0165917417744577E-5
1.9636888295391677E-5
1.9272970264695388E-5
1.926436381906926E-5
1.9469791160533235E-5
1.9388143537129903E-5
1.9213977500452235E-5
1.8952393292699515E-5
1.9023800433590703E-5
1.9044130019715124E-5
1.9010363470676397E-5
1.980741174113692E-5
2.0512235686916763E-5
2.0632315054430873E-5
2.0712285427644286E-5
2.0107952766197252E-5
1.9849192103886637E-5
2.0624701097860293E-5
2.0997074729207074E-5
2.029362410651457E-5
2.0143872033816214E-5
2.0241907129863083E-5
2.0238819484887713E-5
2.0010115662151833E-5
2.002291403926339E-5
2.0068813074856115E-5
2.0136599827554757E-5
1.9965849832864314E-5
2.010958442045953E-5
2.0273076635659157E-5
2.0230448081727458E-5
1.9717301294970873E-5
2.026016507890593E-5
2.072467193796773E-5
2.0758225303164678E-5
2.098795529545283E-5
2.1574481252332365E-5
2.166975846578912E-5
2.115755587244712E-5
2.0939014820135042E-5
2.1123497932876176E-5
2.119750473835043E-5
2.1569605205816427E-5
2.1239478047120743E-5
2.1150667256564854E-5
2.096330342560194E-5
2.0903140764308937E-5
2.08752815712125E-5
1.998586540937817E-5
1.9490981362720292E-5
1.916318071760204E-5
1.9175407764060885E-5
1.9722771008428853E-5
1.968380629882968E-5
1.9454782896678757E-5
1.9363563354501917E-5
1.9816265780563768E-5
2.0289294483238015E-5
1.9560591420174935E-5
2.035058929357425E-5
2.0819435476998244E-5
2.1060408998401385E-5
2.063494156543106E-5
1.9877753835531178E-5
1.9196062968136267E-5
1.870157116812128E-5
1.8498046241515125E-5
1.819195033662769E-5
1.9100634439862876E-5
1.965987208585256E-5
1.992810826661653E-5
1.9924005779271075E-5
1.9818303941368817E-5
1.9800761050460848E-5
1.9877692548390254E-5
1.9517608953394837E-5
1.9584283303614686E-5
1.9084714856630575E-5
1.9267528346788185E-5
1.9385720516253128E-5
1.8981935701697104E-5
1.878584693798962E-5
1.843305742298601E-5
1.8911585604654696E-5
1.8745677880614198E-5
1.8702737711317792E-5
1.855206010228975E-5
1.875626295286126E-5
1.899400765758348E-5
1.9514366389316947E-5
1.927275432385061E-5
1.9475109461153197E-5
1.9750990547575884E-5
1.975257695252097E-5
1.9727558712240128E-5
1.9837262914076655E-5
1.8923730303519666E-5
1.955783108678905E-5
1.9190908184566377E-5
1.9156459380318752E-5
1.9234250032003164E-5
1.915141475545483E-5
1.904605369274961E-5
2.052693149237059E-5
2.015878199456773E-5
2.1143249413106342E-5
2.0748970642371636E-5
2.0808489392345467E-5
2.0606155494183263E-5
2.0816831700051692E-5
2.0824646083681854E-5
1.9942430747421862E-5
1.9828198598530786E-5
1.957599896348306E-5
1.8965084654724124E-5
1.9166360790147174E-5
1.971384538165588E-5
1.996582274236761E-5
2.0187551562063538E-5
2.033306551380024E-5
2.0325534029803305E-5
2.0568745538331615E-5
2.0908001116357844E-5
2.085360485683352E-5
2.0729859475597677E-5
2.0496710836218295E-5
2.0191891142608223E-5
2.051565793304063E-5
2.0959590171739116E-5
2.0680278806467803E-5
2.0761843550600695E-5
2.0666103863260564E-5
2.0761461390619213E-5
2.086553843205279E-5
2.0206176031232216E-5
2.0299027835366627E-5
1.9822293015001756E-5
1.9366771748056215E-5
1.986490430271035E-5
1.987928043752487E-5
1.9552472549218636E-5
1.945373662051204E-5
1.963574939855266E-5
1.9645365315745962E-5
2.0051104108851556E-5
2.035872799967462E-5
2.024771151306753E-5
2.0189269571337975E-5
2.0059574261558217E-5
2.0068343565804622E-5
2.0373280417775432E-5
2.040577304277874E-5
1.989617387004655E-5
1.9797100360357937E-5
1.95623661861593E-5
2.014470799365512E-5
2.022492086791281E-5
1.9973493408167093E-5
2.0048549049476052E-5
2.008481646082389E-5
2.0570020740894768E-5
2.080927336044555E-5
2.0541421516196125E-5
2.051548698904259E-5
2.085556121462308E-5
2.1014199637933276E-5
2.135055269429744E-5
2.0991682571503858E-5
2.098560707520918E-5
2.071474204503933E-5
2.0447019794999572E-5
1.9772427536491154E-5
2.0264719288950885E-5
2.0439075483194922E-5
2.0082680103256385E-5
2.0294686879409883E-5
2.0585592265762882E-5
2.095422335220055E-5
2.1243406898789995E-5
2.1371194153781857E-5
2.0848896577963623E-5
2.079118983349029E-5
2.1492793497478746E-5
2.1293520788313256E-5
2.0850100805818386E-5
2.1280849087421422E-5
2.1844599729575334E-5
2.218246746107111E-5
2.1680422199521955E-5
2.1723460759779023E-5
2.0413532915025306E-5
2.0862099158641995E-5
2.1515096568128053E-5
2.1537518410007878E-5
2.158529039284272E-5
2.2100562045013458E-5
2.1944805439474185E-5
2.2169706214085882E-5
2.2046458518890274E-5
2.287548359407835E-5
2.2739650920819558E-5
2.2564049408783583E-5
2.214251705562071E-5
2.2226720733822806E-5
2.1661871626947025E-5
2.1882059814743675E-5
2.2104850290663925E-5
2.273807804254771E-5
2.2156397629163217E-5
2.16274551315116E-5
2.153947806240179E-5
2.135022638303627E-5
2.065827579385601E-5
2.0454140428156263E-5
2.0426982854510307E-5
2.0633524266013164E-5
2.060542964567988E-5
2.0770521645878538E-5
2.1020443309863108E-5
2.1366425635703124E-5
2.148727809204684E-5
2.0796994863261334E-5
2.0542468433951687E-5
2.028636895096194E-5
2.0140916711078023E-5
1.9890386353615266E-5
2.0325077699862887E-5
2.0729779812423752E-5
2.0713435931784702E-5
2.0879130536711822E-5
2.096588468172971E-5
2.062380843479277E-5
2.0708916483921905E-5
2.1000536265233502E-5
2.1437383191604513E-5
2.1591555302184837E-5
2.1708469368030895E-5
2.1776018904781623E-5
2.216176990225209E-5
2.2088249071638595E-5
2.10114775831568E-5
2.0515394523970577E-5
2.0371640330222946E-5
2.0224701888030832E-5
2.0578548106691986E-5
2.0179980700570456E-5
2.0193798295167253E-5
2.0104545862529856E-5
1.9626979810703666E-5
1.937791269487133E-5
1.9115743551980382E-5
1.911531831676463E-5
1.912409602918056E-5
1.92393514737942E-5
1.9435231019417432E-5
1.9249645924828145E-5
1.9071402191168937E-5
1.8849293715622836E-5
1.8824130472021558E-5
1.8633879139500055E-5
1.9503810121086316E-5
2.0070427339682462E-5
2.0600205160446204E-5
2.077252584398045E-5
2.0708182072559156E-5
2.0345659791180688E-5
2.0042835858264665E-5
2.047064834194822E-5
2.0453224149140894E-5
2.0383127337850596E-5
2.1086133282545666E-5
2.02904497791277E-5
2.0148009341602782E-5
2.0092830982127025E-5
2.015027896487097E-5
2.016965856786104E-5
1.953070298447576E-5
1.944567961487228E-5
1.962053390517033E-5
1.9372420292138064E-5
1.978736397789189E-5
1.934830930107039E-5
1.9700250053911846E-5
1.9434963971161802E-5
2.0259683055760218E-5
1.9789426673143156E-5
1.947290104665116E-5
1.9335110340004085E-5
1.9467901552383815E-5
1.9796149835489673E-5
1.9931708609989858E-5
2.0563381311730806E-5
2.04606968161329E-5
1.9627475198708904E-5
2.0645415466521703E-5
2.1394399323814035E-5
2.1719652195362156E-5
2.1978744429327344E-5
2.1061461811699556E-5
2.160237684894576E-5
2.0715900536699096E-5
2.205397629427685E-5
2.0956510451036797E-5
2.0716691630559996E-5
2.0532831933680897E-5
2.062962380443633E-5
2.0251454822206254E-5
1.9678309646842764E-5
1.962622656596595E-5
1.957599201224101E-5
1.920752625614535E-5
1.9125469647470003E-5
1.8749726421350352E-5
1.876379765414633E-5
1.9082797573468646E-5
1.8899932469944226E-5
1.8882917430925107E-5
1.873384129444432E-5
1.8845136562076182E-5
1.8967915100349395E-5
1.8872809644481553E-5
1.857033654525152E-5
1.8334969834628107E-5
1.824934356528336E-5
1.8360368836635862E-5
1.8586152740690536E-5
1.8698810595867792E-5
1.8855633719351753E-5
1.890332006704966E-5
1.9199489177946817E-5
1.9092678842218413E-5
1.99276924428138E-5
2.0456991628619454E-5
2.0439924937195467E-5
2.044575433257481E-5
2.084167136874711E-5
2.0975073633631285E-5
2.1255668155042818E-5
2.0780366208551484E-5
2.0443519038501605E-5
2.0706792016986115E-5
2.0609429779798198E-5
2.0319212041305016E-5
2.060044173692849E-5
2.0268815038119687E-5
2.018206532656648E-5
1.9865845552466972E-5
1.9887583298633432E-5
1.9923764917323386E-5
1.971102472119016E-5
2.0013421897459263E-5
2.018145448405379E-5
1.9810761415708544E-5
1.983811281350812E-5
1.9913984960759882E-5
2.0019614063109364E-5
2.0326138738154416E-5
2.04548001379585E-5
2.0454581079529188E-5
2.0566852861344118E-5
2.0795693333329263E-5
